0.929414 516 0.1
0.929221 514 0.101
0.929221 509 0.102
0.929221 502 0.103
0.929221 501 0.104
0.929221 500 0.105
0.928834 498 0.106
0.928834 495 0.107
0.928834 491 0.108
0.928834 487 0.109
0.928834 484 0.11
0.92864 479 0.111
0.92864 475 0.112
0.92864 472 0.113
0.928447 468 0.114
0.928254 466 0.115
0.928254 464 0.116
0.92806 462 0.117
0.92806 460 0.118
0.92806 456 0.119
0.92806 455 0.12
0.92806 453 0.121
0.927674 451 0.122
0.927674 447 0.123
0.927674 446 0.124
0.927674 444 0.125
0.927674 442 0.126
0.927674 441 0.127
0.927674 440 0.128
0.927674 439 0.129
0.92748 434 0.13
0.92748 433 0.131
0.92748 431 0.132
0.927287 428 0.133
0.927287 427 0.134
0.927093 423 0.135
0.927093 422 0.136
0.9269 422 0.137
0.9269 421 0.138
0.9269 418 0.139
0.9269 415 0.141
0.926707 414 0.142
0.926707 413 0.143
0.926707 412 0.144
0.926707 409 0.146
0.926707 408 0.147
0.926513 406 0.148
0.926513 404 0.149
0.926513 402 0.15
0.92632 401 0.153
0.92632 400 0.155
0.926126 399 0.156
0.926126 395 0.157
0.925933 393 0.158
0.925933 390 0.159
0.925546 390 0.16
0.925546 389 0.161
0.925546 388 0.162
0.925546 387 0.163
0.925546 386 0.164
0.925546 383 0.165
0.925546 381 0.166
0.925546 380 0.167
0.925546 378 0.168
0.925353 375 0.169
0.925353 373 0.17
0.92516 373 0.171
0.92516 371 0.172
0.92516 368 0.173
0.92516 367 0.174
0.92516 365 0.175
0.92516 361 0.177
0.92516 360 0.178
0.92516 358 0.18
0.924966 358 0.182
0.924773 356 0.183
0.924773 354 0.185
0.924579 354 0.186
0.924579 353 0.187
0.924579 351 0.188
0.924579 349 0.189
0.924579 348 0.192
0.924386 347 0.193
0.924386 346 0.194
0.924386 344 0.195
0.924386 343 0.196
0.924386 341 0.197
0.924386 338 0.198
0.924386 337 0.202
0.924386 335 0.203
0.924386 333 0.204
0.924386 332 0.207
0.924386 331 0.208
0.924386 330 0.21
0.924386 329 0.214
0.924193 328 0.215
0.924193 327 0.216
0.924193 326 0.218
0.924193 325 0.219
0.924193 324 0.221
0.924193 323 0.223
0.924193 322 0.224
0.923999 322 0.225
0.923999 321 0.226
0.923999 320 0.228
0.923999 319 0.23
0.923806 318 0.231
0.923806 317 0.232
0.923612 317 0.233
0.923419 317 0.236
0.923419 315 0.237
0.923419 314 0.239
0.923419 313 0.242
0.923226 312 0.243
0.923226 310 0.247
0.923226 309 0.248
0.923032 308 0.249
0.923032 307 0.25
0.923032 306 0.251
0.923032 303 0.252
0.923032 302 0.253
0.922839 302 0.254
0.922839 301 0.257
0.922839 300 0.259
0.922646 297 0.261
0.922452 297 0.263
0.922452 295 0.265
0.922259 295 0.266
0.922259 293 0.269
0.922259 292 0.272
0.922259 291 0.273
0.922259 289 0.274
0.922259 288 0.275
0.922259 287 0.276
0.922065 287 0.28
0.922065 286 0.281
0.921872 285 0.282
0.921872 284 0.283
0.921872 282 0.286
0.921872 281 0.287
0.921679 279 0.29
0.921679 278 0.291
0.921679 277 0.292
0.921679 276 0.293
0.921679 275 0.294
0.921485 274 0.297
0.921292 271 0.303
0.921292 270 0.304
0.921292 269 0.306
0.921292 268 0.313
0.921098 267 0.315
0.921098 266 0.316
0.920905 266 0.317
0.920905 265 0.32
0.920712 265 0.324
0.920712 263 0.325
0.920712 262 0.328
0.920712 261 0.331
0.920518 261 0.333
0.920518 260 0.334
0.920518 259 0.338
0.920325 259 0.341
0.920325 258 0.342
0.920132 258 0.343
0.920132 257 0.344
0.919938 256 0.346
0.919745 256 0.349
0.919745 255 0.353
0.919745 254 0.356
0.919745 253 0.358
0.919551 252 0.366
0.919551 250 0.368
0.919551 249 0.374
0.919551 248 0.377
0.919551 246 0.378
0.919551 245 0.379
0.919551 244 0.38
0.919551 242 0.381
0.919551 240 0.384
0.919551 239 0.387
0.919551 237 0.39
0.919551 235 0.397
0.919551 234 0.399
0.919551 232 0.403
0.919551 231 0.404
0.919551 229 0.405
0.919358 227 0.408
0.919165 227 0.411
0.918971 227 0.413
0.918778 227 0.415
0.918778 226 0.419
0.918778 224 0.423
0.918778 222 0.425
0.918584 222 0.426
0.918391 220 0.431
0.918391 219 0.434
0.918198 217 0.441
0.918004 217 0.446
0.917617 217 0.448
0.917424 217 0.452
0.917424 216 0.453
0.917424 215 0.455
0.917231 214 0.456
0.917231 213 0.459
0.917231 212 0.467
0.917037 211 0.468
0.916651 210 0.469
0.916457 210 0.474
0.916457 208 0.475
0.916457 207 0.481
0.916264 207 0.483
0.91607 207 0.484
0.91607 206 0.488
0.91607 205 0.49
0.915877 205 0.494
0.915877 204 0.498
0.915877 203 0.499
0.915877 202 0.512
0.915684 202 0.513
0.915684 201 0.514
0.91549 201 0.517
0.915297 201 0.523
0.915297 200 0.525
0.915103 198 0.529
0.915103 197 0.53
0.915103 196 0.535
0.915103 195 0.541
0.91491 192 0.544
0.91491 191 0.547
0.914717 191 0.551
0.914717 190 0.553
0.914717 189 0.554
0.914717 188 0.555
0.914717 187 0.556
0.914523 187 0.559
0.914523 186 0.563
0.914137 186 0.566
0.913943 186 0.569
0.913943 185 0.571
0.91375 185 0.572
0.91375 183 0.573
0.913556 183 0.575
0.913556 182 0.584
0.913363 182 0.588
0.91317 180 0.589
0.91317 179 0.59
0.91317 178 0.593
0.912976 177 0.594
0.912976 175 0.595
0.912976 174 0.596
0.912976 172 0.598
0.912976 171 0.6
0.912783 171 0.601
0.912589 171 0.602
0.912589 170 0.603
0.912589 169 0.604
0.912396 169 0.607
0.912396 168 0.611
0.912396 167 0.612
0.912396 166 0.614
0.912396 165 0.619
0.912396 164 0.625
0.912009 164 0.627
0.912009 163 0.63
0.911816 163 0.635
0.911816 162 0.636
0.911816 161 0.637
0.911816 160 0.638
0.911623 160 0.644
0.911236 160 0.646
0.911236 159 0.652
0.911042 159 0.656
0.911042 158 0.658
0.911042 157 0.662
0.911042 156 0.666
0.911042 155 0.668
0.910656 155 0.669
0.910462 155 0.672
0.910462 154 0.675
0.910462 153 0.676
0.910462 152 0.681
0.910269 152 0.684
0.910075 152 0.685
0.909882 152 0.686
0.909882 151 0.688
0.909689 151 0.692
0.909689 150 0.697
0.909495 150 0.703
0.909495 149 0.704
0.909302 149 0.705
0.909108 149 0.708
0.909108 148 0.713
0.908915 148 0.714
0.908915 147 0.719
0.908915 146 0.72
0.908915 145 0.722
0.908915 144 0.723
0.908722 144 0.729
0.908722 143 0.73
0.908528 143 0.733
0.908528 142 0.735
0.908335 142 0.737
0.908142 142 0.741
0.907948 141 0.743
0.907755 140 0.746
0.907755 139 0.747
0.907561 138 0.748
0.907561 137 0.749
0.907561 136 0.752
0.907368 135 0.755
0.907175 134 0.758
0.907175 133 0.762
0.907175 132 0.763
0.907175 131 0.765
0.907175 130 0.766
0.907175 129 0.773
0.907175 128 0.78
0.906981 128 0.784
0.906981 127 0.789
0.906981 125 0.79
0.906788 125 0.792
0.906788 124 0.796
0.906788 122 0.797
0.906788 121 0.798
0.906594 121 0.8
0.906594 119 0.804
0.906594 118 0.807
0.906594 117 0.808
0.906594 115 0.809
0.906401 115 0.812
0.906401 114 0.813
0.906208 114 0.815
0.906208 113 0.817
0.906208 112 0.818
0.906208 111 0.82
0.906208 110 0.821
0.906208 109 0.824
0.906208 106 0.827
0.906014 105 0.828
0.905821 105 0.831
0.905628 105 0.837
0.905241 104 0.838
0.905047 104 0.839
0.904854 104 0.84
0.904661 104 0.841
0.904274 104 0.842
0.904274 102 0.847
0.90408 102 0.85
0.90408 101 0.853
0.90408 100 0.857
0.903887 100 0.858
0.903887 99 0.862
0.903887 98 0.863
0.903694 98 0.864
0.903694 97 0.866
0.903694 96 0.868
0.903114 96 0.869
0.90292 96 0.87
0.902533 96 0.875
0.902533 95 0.876
0.902147 95 0.877
0.901953 95 0.879
0.901953 94 0.882
0.901566 93 0.883
0.901373 92 0.884
0.901373 91 0.887
0.901373 90 0.888
0.90118 90 0.889
0.90118 89 0.891
0.900986 89 0.894
0.900986 88 0.896
0.900986 87 0.897
0.900986 86 0.901
0.900793 86 0.905
0.900599 85 0.907
0.900599 84 0.908
0.900406 83 0.911
0.900213 82 0.916
0.900019 82 0.917
0.899439 81 0.919
0.899246 81 0.923
0.899052 80 0.924
0.898859 80 0.925
0.898666 79 0.926
0.898472 79 0.927
0.898085 79 0.929
0.897892 79 0.93
0.897312 79 0.931
0.897119 78 0.932
0.896925 78 0.937
0.896732 77 0.938
0.896345 75 0.939
0.896152 73 0.94
0.895958 72 0.941
0.895765 72 0.942
0.895378 72 0.943
0.895185 72 0.944
0.894798 72 0.945
0.894411 71 0.946
0.894411 70 0.95
0.894218 70 0.951
0.894024 70 0.952
0.893831 70 0.954
0.893057 69 0.955
0.892864 67 0.957
0.892671 67 0.958
0.891897 67 0.959
0.891897 66 0.96
0.891704 65 0.961
0.89151 65 0.962
0.89151 63 0.963
0.891317 63 0.964
0.891124 63 0.966
0.890543 63 0.967
0.890157 61 0.968
0.890157 60 0.969
0.889963 59 0.971
0.889576 59 0.972
0.888996 58 0.973
0.88861 58 0.974
0.888416 56 0.975
0.887836 55 0.976
0.887256 55 0.977
0.887062 55 0.978
0.886869 55 0.98
0.886869 53 0.981
0.886482 53 0.982
0.885322 53 0.983
0.885129 51 0.984
0.884548 50 0.985
0.883775 50 0.986
0.882615 49 0.987
0.882034 48 0.988
0.881261 48 0.989
0.880487 46 0.99
0.878553 45 0.991
0.878167 44 0.992
0.8772 43 0.993
0.876039 42 0.994
0.873912 41 0.995
0.872558 40 0.996
0.870625 40 0.997
0.867144 36 0.998
0.861342 32 0.999
0.850899 21 1
0 0 1e+020
0 0 1e+020
