1004109301.jpg
1
220.544720717 245.056818306 443.575676411 533.262581795 1.000
111076519.jpg
7
1120.40693605 702.251540147 1269.69784248 885.796260774 1.000
1047.95892891 562.449937925 1214.05886006 769.783370763 1.000
1939.56399278 1228.19376735 1965.69038558 1258.78699124 0.528
644.357285716 1675.37161141 669.603730783 1705.25551059 0.299
1594.50640099 1485.29802765 1616.40146309 1512.20061187 0.296
1339.26880693 1040.17539313 1391.28756763 1108.35623971 0.164
402.886952147 1588.15596462 436.84991651 1629.5508194 0.156
1139324862.jpg
2
220.759993874 111.491718121 403.899338156 371.169889867 1.000
170.21512723 401.287805587 196.777285904 434.904344082 0.113
1204062305.jpg
2
411.95333004 183.740509972 610.356692314 473.837895222 1.000
379.104712754 299.439063549 407.660673454 331.898318052 0.213
1224897301.jpg
1
41.0478486419 20.7674743831 327.712989122 465.494236581 1.000
1254885428.jpg
4
380.434318516 154.976411343 666.434644878 555.595858097 1.000
1173.72519442 435.509490073 1443.18244994 797.900403291 0.981
310.142610554 382.918124601 345.913608393 425.317639023 0.587
1438.43642177 628.004116444 1496.27987248 698.050379004 0.160
1295311477.jpg
4
696.832949042 426.725767851 915.049280077 762.769459724 1.000
1532.15286519 268.822498143 1744.91923493 552.571736336 1.000
1004.26257026 1282.639415 1102.00490305 1401.67778912 0.809
807.834268179 887.842857867 883.221592501 985.026234075 0.108
1361196352.jpg
4
196.139077127 192.765032291 324.675835729 374.105661541 1.000
664.340790614 113.946215451 879.435709298 410.660791621 1.000
157.895001441 398.43327656 178.814223692 425.998030983 0.724
667.555919752 501.140324086 703.647080068 547.199521035 0.203
1372188757.jpg
2
235.610851452 197.583312448 452.066457819 457.315981366 1.000
427.528213203 272.532258317 469.768398046 327.095502973 0.577
14424972.jpg
3
140.226540297 699.340722345 383.30707112 1016.94279075 1.000
925.829183511 692.291716494 1165.00836702 1001.48369934 1.000
837.355962634 686.672911108 1085.58898124 1036.37852848 0.174
156474078.jpg
2
194.882456034 310.913579822 363.313389778 502.041749477 1.000
803.63576071 241.658327542 1031.10318084 522.759399403 1.000
1587030290.jpg
5
2190.68765013 207.597005919 2415.0308938 509.958549239 1.000
827.065060616 125.793374456 1068.02920741 461.464863002 0.968
1688.69471434 1470.04552311 1720.27784666 1507.50649967 0.321
1792.27109148 458.241470821 1815.81487658 485.201423973 0.247
2341.97260273 485.800999165 2427.09697056 588.482033968 0.194
1634816.jpg
3
411.086888824 430.236899987 598.985741645 688.000103638 1.000
18.7670162469 -21.4495220482 219.776456118 209.876648568 0.485
315.704174817 271.40086329 381.650820673 353.865033329 0.121
1636651575.jpg
2
525.70834963 101.293969348 770.444583904 426.430427194 1.000
383.550517589 382.583872192 479.198320106 499.955228955 0.116
1648807314.jpg
4
1613.99579425 239.749047041 1717.74229312 371.36202082 1.000
641.049245805 357.164152352 857.075105458 649.182499442 1.000
1287.18729568 345.556658357 1501.1669586 627.281016588 1.000
1516.98022258 448.238800796 1582.56092767 545.879796989 0.818
170817766.jpg
2
813.738858439 213.190989614 1083.85882478 530.685258336 1.000
103.385991812 203.758118689 332.29478246 511.271918774 1.000
1709378501.jpg
1
384.934947923 70.7618330233 692.117799357 500.756565168 1.000
174692320.jpg
4
1257.34921643 60.7277998179 1612.01020789 546.11954087 1.000
1610.87906067 496.386196814 2116.66236654 1205.55343703 1.000
395.596043929 49.6608591974 570.254424855 296.512179345 1.000
1804.22941816 179.708121005 1828.31899083 210.6020234 0.107
1814664578.jpg
2
229.286653012 327.696830772 356.597127706 487.541861802 1.000
826.627145834 372.341275066 937.538278699 522.920535833 1.000
18489332.jpg
13
112.28282249 48.9825491309 206.30132699 182.965216041 1.000
356.575995445 56.5729519725 450.36378324 180.230632961 1.000
530.447827362 348.915285386 641.336647078 499.213408679 1.000
782.612048551 43.6071031541 870.660440296 161.334104657 1.000
342.699912101 653.356286939 451.623954594 789.531772323 1.000
526.283953648 48.8543873355 647.141117573 190.875511602 1.000
131.795444205 360.897014532 221.231503353 488.691894621 1.000
747.081973962 673.454827167 846.613768965 805.802591443 1.000
544.507945776 677.240993798 640.165216446 805.033488274 1.000
126.710657835 684.792269051 220.132111259 804.087826088 1.000
762.57431078 384.281365726 876.226703644 518.686237298 1.000
338.019681662 379.175817311 423.451725423 489.77602309 1.000
153.386665106 9.9485899508 272.100919247 206.901092172 0.909
199759840.jpg
1
380.850999892 104.616979331 545.217745125 316.917549953 1.000
2030653815.jpg
2
732.063067079 435.059530407 922.586894035 685.762407511 1.000
526.298124354 461.602428287 650.854666248 645.9753609 0.286
2043831280.jpg
6
447.368048377 280.53702499 643.558179438 518.98006507 1.000
1709.75784743 818.595008187 1877.14026737 1025.25183821 1.000
1619.1460215 238.667593524 1670.30614507 308.8453971 1.000
1666.79467625 686.994161755 1695.56667932 720.557900179 0.462
1774.67516626 628.119367901 1828.36599155 696.72646673 0.277
12.3149293661 636.281446099 44.8212353885 678.396560192 0.108
2118625994.jpg
11
938.144598812 898.856171831 1114.90699988 1109.30759794 1.000
682.011372715 508.733722426 704.31753226 535.056001708 0.732
108.257813409 338.835950695 135.383149691 374.962079052 0.540
795.474943519 616.992126748 814.112834245 640.464336067 0.325
113.534916595 531.831548452 145.959394738 573.894720972 0.289
590.913626432 929.840180781 619.85279775 963.643813297 0.244
0.525504536927 1090.95827817 28.049660936 1124.42026813 0.208
616.37420208 1003.04366106 662.876144417 1062.5272519 0.199
1392.31515951 686.482182212 1413.39575614 712.812458448 0.154
159.244781412 513.517639503 201.979407914 566.673898354 0.153
824.419670582 854.220976718 856.472630024 891.482570902 0.117
2120936774.jpg
4
357.183766477 231.475328818 614.665916368 557.383864373 1.000
834.373311102 292.946684018 1022.20260817 528.579958767 1.000
730.883120731 834.526382636 860.099596836 977.721197486 1.000
1571.06814503 209.773144979 1640.36692732 291.891213208 0.271
213654866.jpg
5
265.354957923 330.237080395 462.11952737 586.769836575 1.000
2178.85128307 687.59148623 2342.24143174 899.960328072 1.000
623.518111944 496.805784941 766.047226906 706.305568218 1.000
1429.94637209 567.971252084 1550.18129182 734.667617798 1.000
395.771639049 238.945888039 422.167642348 271.283802591 0.586
2147052512.jpg
2
379.620898053 261.763789266 680.199347615 652.014762688 1.000
912.007312439 249.805536523 1101.32991098 509.588022426 1.000
2186255795.jpg
4
537.336935401 296.076284073 636.922742855 434.355970353 1.000
724.860717028 329.106807046 802.328909323 433.131514028 1.000
1078.65597883 325.041617498 1111.72523636 365.126552433 0.444
646.160560124 500.331665218 718.790632278 577.687829018 0.246
2233672250.jpg
4
307.016784161 334.578603506 486.838686898 568.853072524 1.000
576.554770291 184.176537119 744.482237816 419.464728177 1.000
1031.62996961 23.6931269933 1152.2121111 188.894890532 0.236
486.425017804 202.833727213 559.115403399 289.658212289 0.231
2239710476.jpg
8
2445.19852434 646.747412175 2812.50456995 1136.71522486 1.000
1087.82299757 496.129056036 1269.26305568 733.906414151 1.000
1115.11521307 876.460689604 1389.88508654 1295.69317481 1.000
2167.85478341 2003.48367773 2192.22711466 2035.34925418 0.879
517.911735147 806.147792429 721.360807944 1115.00702917 0.768
2131.05183329 2178.12708166 2163.00786346 2218.00474665 0.233
2024.47957778 267.688601434 2054.60499837 304.68380861 0.165
2580.73420896 1746.1589343 2615.54173896 1789.50685243 0.111
225191079.jpg
1
391.298120141 11.016690556 585.919016361 279.584176205 1.000
2266416332.jpg
1
212.733698994 126.610396381 478.227058947 486.661730617 1.000
22699817.jpg
4
240.760364562 380.609783232 396.572463393 588.570797622 1.000
430.538394526 508.679510474 471.30634452 558.008883908 0.429
1434.54222515 533.751177609 1543.56722406 732.353634216 0.138
609.298738267 751.080003142 628.939281318 773.383228455 0.122
2288136183.jpg
7
743.587619185 427.214223295 956.545408726 732.802886307 1.000
1647.22762775 522.942248344 1676.80510795 559.297707081 0.201
231.579832643 133.251428425 319.89049904 253.724347383 0.170
1111.95979737 85.8857982457 1209.6373269 215.225030668 0.147
1520.92852679 29.7323764451 1573.37153135 95.0804490596 0.133
1600.37474784 308.230478942 1628.02530651 344.06935063 0.125
1635.80161202 492.099424005 1673.88045099 541.500857793 0.101
2312639559.jpg
5
820.182643093 864.727784127 980.975036174 1093.61952101 1.000
346.009707183 491.536783725 370.116636828 523.662364125 0.515
30.6078928709 144.511631832 73.4421346188 203.725303508 0.147
338.473973006 564.714025438 358.744490914 589.816437185 0.139
179.166015238 501.376882315 197.557938635 522.823657811 0.117
2353849.jpg
5
972.256766062 438.817064516 1134.92917935 639.057013951 1.000
331.032599226 536.828148335 479.644134875 745.989920437 1.000
912.457502931 473.279852279 1074.85071328 697.815128326 0.372
202.861517265 1276.58630927 230.691521358 1314.55672996 0.240
252.427494679 556.006898753 434.156835526 820.816618502 0.228
2372995574.jpg
3
259.728734456 323.690600663 403.418654293 510.974020317 1.000
343.699371606 638.591997892 359.254496783 657.862532094 1.000
340.783413135 683.248598911 363.804997534 712.451516569 0.127
237815567.jpg
8
958.786257997 198.125997625 1131.54620849 426.341280803 1.000
2093.32511684 1108.07757827 2314.36746502 1404.95205924 1.000
270.167985111 586.86978896 444.78359089 834.734745756 1.000
2322.98055172 696.206300717 2464.96681091 885.786872745 1.000
1506.31084628 799.054406643 1644.81012049 984.753058076 1.000
659.339001372 1136.1881641 852.910088837 1378.23254621 1.000
1122.45096357 1062.56923363 1301.63122918 1298.46611028 0.924
893.476365209 1668.20171428 949.708857119 1734.75531816 0.124
2404040793.jpg
1
157.339142032 187.153234303 536.007159695 706.713247523 1.000
2417212918.jpg
9
2147.7381742 926.239273906 2229.36716379 1031.79002181 1.000
1019.72782227 1178.41254571 1131.86242613 1300.27881527 1.000
1446.18404271 829.502338879 1544.78753614 954.224919781 1.000
1664.63385043 1179.84912753 1777.34934179 1322.9089219 1.000
601.122626416 679.295555837 718.502535999 827.457127914 1.000
2782.79567648 761.939091109 2796.3281955 779.596554607 0.479
1757.41473681 1812.3386649 1782.83667088 1842.4118858 0.223
289.964516938 1671.18783622 316.229263831 1703.27623864 0.184
265.588035882 1480.51670286 285.77605978 1504.64328082 0.138
2437602091.jpg
1
24.2456223965 69.8933819607 293.256843328 446.593419343 1.000
2451065225.jpg
1
224.273508459 101.148893969 396.729257774 325.927337438 1.000
250277765.jpg
3
295.486734346 57.2217750549 489.531916484 333.042077273 1.000
598.986002713 155.272868969 744.981391408 369.281806707 1.000
650.528650224 672.081840441 675.701070726 705.291117907 0.221
2542662563.jpg
1
177.238692448 5.53553351015 440.036559924 381.890419133 1.000
2580479214.jpg
6
269.910871685 425.047461003 434.249122873 648.074539974 1.000
901.603525758 413.330207586 976.719762176 527.497882962 1.000
733.709363207 900.464108169 815.46979028 991.413500041 0.350
1195.61464298 1023.07428341 1225.3689772 1058.88270055 0.208
1282.39603126 1014.58262078 1317.42564173 1056.33874553 0.119
1029.46827257 1026.42481285 1065.37858788 1070.27832222 0.110
261068.jpg
4
407.939785853 143.500251006 501.351119619 263.717653498 1.000
233.481895417 91.5351549089 342.852313492 240.086112354 1.000
485.221453965 339.017153699 508.037929058 366.249468178 0.341
670.855513737 251.018305197 699.015308991 287.091013819 0.334
2653111362.jpg
4
363.117485404 93.8721078932 453.273144528 232.687038928 1.000
173.945864722 57.5364618897 238.599746075 138.491742432 1.000
160.349702463 167.05827919 193.652489264 209.754356831 0.998
352.040753067 375.066950038 397.307944477 430.137909904 0.997
270814102.jpg
5
944.068126068 654.764267951 1143.59383477 921.080825269 1.000
254.387985773 560.310825989 518.063187152 880.86390762 1.000
442.259580895 691.574093759 642.627716631 959.181304425 0.999
1426.46268207 1939.35609788 1451.19939011 1969.00174046 0.260
524.794438839 1472.65422872 552.785769701 1507.49099495 0.166
2715171150.jpg
4
362.804083377 100.245862044 566.158262115 366.725444749 1.000
704.045237944 -26.036062181 817.677058809 145.307631195 0.542
186.613268763 661.487911701 295.209043249 790.476054192 0.382
797.854831334 506.186366409 834.082093984 551.940053821 0.154
281972218.jpg
4
633.065877467 406.607629225 831.881643116 684.82098037 1.000
908.969921589 203.534287691 1179.0275773 576.64340508 1.000
1005.54355496 121.096692026 1027.1471414 148.159858108 0.274
691.597399175 382.189375132 872.318651065 606.87566638 0.146
2844520516.jpg
1
83.7936100513 22.4920809865 307.277390473 335.327085763 1.000
2863107962.jpg
4
159.714544684 172.834154502 270.388976038 327.07460054 1.000
385.021368682 130.350968422 487.827308841 262.330221236 1.000
605.299268901 732.736317873 752.860800132 904.904515684 1.000
550.723831415 731.481105343 612.31743288 817.048719436 0.193
2911658494.jpg
2
156.772051334 67.4518013 395.777783155 395.299942017 1.000
401.653489336 401.523962423 580.048525155 639.676157564 1.000
2939015820.jpg
5
256.907046556 93.1901450008 464.248076677 386.76291585 1.000
609.946673177 207.361530274 684.501663148 297.399697125 0.994
250.91178102 1.25688838959 282.800709216 36.0238466263 0.946
508.503540337 447.790866256 548.68525058 492.11066854 0.199
72.0409808457 240.308108687 154.907333514 344.179070354 0.152
3062021448.jpg
4
1339.75630404 359.133728801 1525.97177705 581.610338934 1.000
419.004135475 224.068603903 688.861877754 555.751268536 0.999
1284.91340451 385.884788249 1399.64749854 532.114926338 0.902
1367.46905327 965.18957141 1404.07763512 1008.65982552 0.462
3089202157.jpg
3
1057.75083566 603.665342525 1244.44804114 847.675860584 1.000
1790.54953402 783.992948338 1997.97442505 1069.32380248 1.000
343.903867792 751.235389337 601.048290409 1080.72192281 1.000
310076750.jpg
1
437.779146418 204.362766907 658.063524157 495.373676814 1.000
3187108438.jpg
1
469.28751811 266.252527386 669.000892818 493.092675596 1.000
3210734866.jpg
4
208.018154807 136.482813656 326.604047105 291.995920032 1.000
255.618323483 67.0158263519 297.429491192 113.538897403 0.963
313.288203478 1427.27776346 346.278978229 1467.71595857 0.442
175.849973351 901.823750392 195.937004417 925.863691017 0.136
3284354538.jpg
5
2199.88262141 515.111639537 2371.04070511 753.706231356 1.000
538.683784127 580.645468265 779.800365806 910.631305456 1.000
1290.12616181 661.326748729 1475.52761841 878.367108345 1.000
515.87591736 1853.64987296 695.855236407 2084.06970242 0.455
2639.62780108 1525.88847861 2666.72341871 1561.992348 0.103
3331716292.jpg
1
163.61444854 127.398330837 377.094474681 404.263838977 1.000
342149506.jpg
4
1226.06297171 233.305060357 1440.17534616 522.485717893 1.000
471.513180405 274.971901894 701.37072283 629.639863499 1.000
439.498590469 434.384024382 519.473382354 531.499824166 0.914
740.875129834 1157.95828265 767.586552948 1195.95793647 0.260
3464901851.jpg
1
721.373218417 485.975434963 930.058208704 733.630407073 1.000
346731834.jpg
1
261.554817818 468.958704472 436.469265163 705.394019574 1.000
347629355.jpg
2
840.8569206 431.616758427 1120.65558133 778.373912767 1.000
1135.92625087 555.79483743 1406.63078982 886.143409364 1.000
347826333.jpg
3
667.97731293 135.478179462 943.601543531 489.126095816 1.000
347.513692737 246.354382575 566.632151514 503.413317919 1.000
865.960948031 7.5275881663 923.185069624 82.600216046 0.121
3576294411.jpg
6
788.438206941 208.817658309 1007.4032215 511.212009542 1.000
1300.13121399 340.879873049 1512.10617393 607.661416948 1.000
1346.23629356 215.818393365 1412.43933006 299.022505596 0.908
206.058278441 275.565246016 279.826375902 372.333917856 0.730
1559.21282811 210.204455346 1618.39003968 288.738340229 0.226
1740.71361624 604.279963162 1812.95072865 693.846411273 0.115
364259537.jpg
5
829.438011929 416.408757799 962.80915866 604.580384098 1.000
1568.56075628 498.516778469 1732.56870978 740.156101286 1.000
1985.25733756 879.62084651 2030.62479188 939.624750182 0.137
1738.52113408 541.441116281 1760.48552337 569.675463948 0.133
801.46550703 937.927682698 827.189667881 970.294691801 0.114
3662810723.jpg
6
1564.46400827 607.323074847 1889.23189408 1048.4070847 1.000
3010.03762162 548.141621087 3279.06093858 884.637750179 1.000
2240.93478216 920.372159734 2598.29328823 1458.68043531 1.000
975.47168982 913.897921085 1295.58392981 1425.2079761 0.367
3386.19957165 1188.88682609 3456.0017231 1273.3031425 0.192
3455.14136828 1194.14781646 3490.51663478 1241.38188198 0.101
3684472818.jpg
2
853.732534617 162.284495585 1092.58404207 476.082511052 1.000
1067.56870702 332.855409727 1254.07602793 568.464273781 1.000
368987306.jpg
2
737.078488126 315.300522685 903.256802738 557.93622303 1.000
583.09479928 1269.00252783 610.449583054 1302.00591135 0.240
37096733.jpg
3
408.118920017 228.646033823 607.157589331 478.206830047 1.000
818.659628347 101.957888126 1084.76484615 437.765420049 1.000
899.958237376 501.214408562 1016.51682393 646.8689996 0.162
3729198156.jpg
17
665.461910874 480.448623657 882.557719946 772.248139992 1.000
2619.3394351 198.219654091 2885.89558786 525.883906703 1.000
360.331898428 533.787353963 682.287249811 948.784921773 1.000
2498.27960185 165.65852204 2667.00606464 404.529128499 1.000
1056.91957642 157.804688312 1224.45549743 379.993687138 1.000
488.396724105 533.562157452 788.657114625 911.321398258 1.000
187.453446761 1006.26718695 498.206028134 1473.18291679 0.998
1737.61945894 513.884438824 1786.70517258 575.178839773 0.931
2031.69314039 453.849333599 2182.7988366 639.36730516 0.818
2168.90933007 782.145077422 2532.24398758 1298.36716597 0.797
1135.61902046 560.286219597 1215.60040951 671.037012815 0.583
1294.43473991 335.798411064 1343.31593394 393.999111474 0.538
1485.65380929 113.74047571 1515.56482609 151.403966889 0.295
2.79411971569 196.983199561 27.3955528587 230.539559864 0.271
1995.09036343 207.247174025 2049.25968981 269.444882289 0.189
1222.99904469 443.964200407 1401.82188022 692.931450486 0.171
1726.75855547 320.863380998 1761.39376426 362.405263394 0.122
3796238727.jpg
5
975.876657836 400.221113086 1186.62352422 694.356139451 1.000
1678.55204344 331.500737861 2054.11705562 806.77361165 1.000
517.162320256 321.095861346 739.31969586 596.57291019 1.000
47.346975401 644.272118807 71.3032011315 672.100759864 0.138
89.8784752265 464.3449759 113.732408009 492.849643566 0.104
3854178896.jpg
1
319.11878898 119.018166453 496.444129765 337.685948566 1.000
3858593140.jpg
6
463.174839512 195.92358695 590.420697242 364.243160933 1.000
180.152055889 63.6116758138 286.72206828 205.28747806 1.000
593.169123113 155.713953055 622.097743042 192.25755243 0.915
673.994025692 148.039583549 710.461238816 196.452885903 0.330
647.495945383 151.674720287 676.703532025 189.25974223 0.131
205.129803315 333.170555592 305.24876868 462.928796262 0.105
3873491482.jpg
4
265.668471899 136.949169621 473.350711048 407.925265044 1.000
437.892397285 226.403950453 525.643516064 345.292092323 0.205
206.291173458 153.38018401 280.508578837 246.269496508 0.138
102.891793817 232.36414212 124.84845861 263.100015268 0.113
3893740955.jpg
4
546.423471779 579.129988879 742.646655291 821.675673876 1.000
1555.08782421 584.727664649 1770.05959034 859.447222084 1.000
2072.84819328 1107.69057835 2098.06512958 1138.4662181 0.166
109.504577763 1256.44423923 139.003075138 1295.22755057 0.102
3929640120.jpg
3
203.562283993 35.9099979699 366.266276956 255.207414836 1.000
576.730257645 114.025142546 630.882658578 181.78479334 0.918
408.286959022 143.024477303 456.139518678 210.028168455 0.451
3944399031.jpg
2
415.919984221 619.310100794 611.914206758 898.185915709 1.000
925.936834872 248.661742568 1182.11344168 580.546532393 1.000
3989161.jpg
1
177.326098584 156.00302574 410.954310089 459.874371387 0.999
399829006.jpg
1
218.360446423 155.732222117 394.565316409 381.038333371 1.000
40014967.jpg
1
170.371449821 128.389589094 354.42672047 372.846936323 1.000
4017305068.jpg
1
430.195763588 134.870551109 509.903244019 248.383917809 1.000
4022732812.jpg
7
563.916824222 874.028862029 781.014260292 1166.63198316 1.000
886.660163932 342.832377385 1100.31667912 607.871055283 1.000
1908.22257376 518.478183046 2014.90234482 652.738693833 0.841
444.112927966 742.773972481 487.367980301 795.461576387 0.350
703.789193362 115.46764601 763.251696512 191.589761376 0.158
1669.74714625 895.586915635 1713.78919484 949.019607637 0.124
1564.2395183 911.215122558 1589.0162558 942.727203414 0.123
406798473.jpg
3
518.322550092 375.158716109 650.012578323 549.554306362 1.000
816.8093853 381.424219549 969.686733305 579.562391043 1.000
305.248152092 346.660203472 450.956788629 523.353725836 1.000
4082680322.jpg
2
323.408225164 173.834910724 424.546107918 315.035116591 1.000
490.331006601 537.565797973 527.959719494 587.292039797 0.168
4141887018.jpg
1
500.031850487 95.5886537433 715.524738982 371.644542813 1.000
4174638819.jpg
1
151.681052387 42.9572311938 445.864718556 415.9984653 1.000
4237203680.jpg
10
604.89203845 338.221908569 819.694187254 629.899205342 1.000
862.155444384 326.02244373 1068.57660845 598.159974232 1.000
463.211102366 429.777853251 549.146828771 541.461683571 1.000
809.143608835 220.181342691 861.815850832 288.87659815 0.963
1494.29372811 652.31902194 1518.94996071 684.919680834 0.763
1451.42212523 298.60987965 1509.90699423 367.256790247 0.359
781.038284779 256.89755778 813.410010964 297.970389187 0.213
1310.41962036 565.356914341 1400.90760934 682.006088316 0.155
1192.1231001 322.983973913 1221.97197302 358.75139619 0.146
1356.47455515 507.44847234 1498.67550789 698.969238497 0.122
4250120238.jpg
1
350.630485296 138.799424957 561.174413756 446.153331175 1.000
4253907822.jpg
2
226.212883711 132.342581481 451.830062382 413.433021858 1.000
449.612808309 413.852756228 479.131337091 451.025198638 0.366
4285163979.jpg
16
1450.62609136 440.066410758 1582.11290175 619.795223072 1.000
1114.8534506 347.088045597 1265.33413529 544.073157191 1.000
795.040762305 707.94212427 974.125752017 940.991109163 1.000
1268.24260879 782.001834273 1432.03398716 988.577590466 1.000
1589.47983989 715.667219292 1761.82307056 937.419858553 1.000
2018.78573266 405.344725005 2175.0764894 605.98289448 1.000
1905.93385002 484.44339481 2028.48591136 638.031637385 1.000
2215.81532949 413.870538123 2434.0629777 691.758430414 1.000
539.914892703 723.620216675 711.289977089 937.083827995 1.000
1199.10418013 619.354003556 1297.58910823 744.534000896 1.000
1535.70646353 1.38320237398 1572.50972523 47.0069820285 0.520
2112.14612216 903.233602345 2173.18562807 986.252298489 0.324
1035.21497346 236.554192588 1066.43930835 276.27795738 0.303
1676.70432546 -1.96476963162 1727.24053691 44.9589071721 0.274
2107.74106452 265.766702652 2147.76518109 317.032102048 0.233
1037.09622797 13.1315838099 1078.81134515 64.0312605947 0.102
432269399.jpg
1
255.948194772 27.7519189827 531.644970492 397.441253468 0.999
4332978153.jpg
1
205.44366239 12.6919305325 588.626394376 549.342360571 1.000
4337161543.jpg
1
275.850880623 82.3048661426 383.842391789 221.943520769 1.000
4351876664.jpg
2
158.219659746 331.900016189 437.740459129 681.089550614 1.000
195.754767805 690.856140507 234.319521554 737.135873891 0.101
435926861.jpg
6
573.218238235 187.659076273 675.237853348 329.902465701 1.000
70.7105226517 91.5818408728 186.811084032 249.390552878 1.000
487.475726463 158.674241394 521.070548475 202.961036138 0.954
708.881909639 45.421368368 761.749860428 110.814267095 0.846
703.591189831 119.435298473 739.436313212 164.924336463 0.533
703.530667406 26.6161292493 750.244705584 85.1044019163 0.372
437595409.jpg
6
327.433178738 195.554728108 533.819026709 444.936267436 1.000
276.083294824 168.184272856 470.727535844 441.67737709 1.000
1366.98491958 425.831502881 1398.17913146 464.640747178 0.536
307.172957852 108.957013316 334.303634085 139.055981785 0.334
1410.31044856 27.0738963336 1433.34847303 57.5951898359 0.286
873.192733966 838.499052443 907.182067044 877.912763596 0.201
442651885.jpg
1
484.700947538 178.950571179 676.857645418 433.877092227 1.000
4470478982.jpg
6
2067.98234077 457.942767732 2263.56375515 724.85424827 0.750
2108.85628602 1686.49967928 2131.91286278 1714.58791503 0.328
2319.37967336 585.460572571 2366.37133442 646.692867845 0.266
2079.77408302 1769.34317493 2109.44118857 1805.42624521 0.195
2035.46366858 543.320207417 2080.88745308 601.768475175 0.122
2309.78902622 600.357347041 2334.4410563 630.682651788 0.113
4471110141.jpg
2
123.773230553 196.358247561 375.991657332 502.751775123 1.000
422.799321979 641.210479796 632.807725012 879.76861167 1.000
447910249.jpg
2
414.798924908 195.543372989 621.130073071 463.381606981 1.000
24.0452438891 762.411340728 51.4438284263 793.557970271 0.239
448291547.jpg
4
953.182664603 369.860105135 1130.48526768 592.464835584 1.000
1644.84777211 426.953348808 1785.10143639 598.739711761 1.000
412.380599022 433.28278935 549.936492145 640.699438751 1.000
1873.74224898 682.093051255 1893.83410244 709.639702894 0.446
4492032921.jpg
2
368.09989655 95.1548521519 565.895474099 355.287620962 1.000
572.467560202 165.769132348 603.811889216 214.39665515 0.138
45092961.jpg
3
641.485850543 449.044487119 758.476799875 582.704758644 1.000
943.377657413 484.611908961 1065.5066203 626.973769035 1.000
1637.17972896 1049.65671653 1679.41581021 1100.3984812 0.163
4512714865.jpg
3
308.19779864 90.8430080116 518.164515674 357.001692235 1.000
186.965491742 113.637986124 222.412883997 152.688263535 0.613
417.291905873 448.790861249 446.469084382 485.414181352 0.144
4520272436.jpg
1
463.613137901 129.647001363 674.140866894 400.515690386 0.995
4553922208.jpg
12
1817.21749391 408.381210625 2146.19637153 874.080734253 1.000
1260.92323799 235.923774604 1666.86038791 844.616899326 1.000
886.594081879 727.771795414 995.37364006 863.363039024 1.000
532.022972226 664.088975593 650.353321493 814.14572899 1.000
7.83932771534 651.477380216 185.465741917 896.770058177 0.999
3.55272663385 287.789847612 125.96072432 449.561847776 0.791
171.843590319 723.528063178 216.509518147 780.955439001 0.738
2131.89066339 683.357214957 2169.57625592 731.160933495 0.508
1666.44890119 656.174356572 1823.38865179 861.088077724 0.489
2610.01643897 778.093996435 2642.41195257 815.898417085 0.468
622.343854479 779.148658387 724.939953856 895.962279052 0.227
2476.9581724 547.588578522 2668.01180014 802.963298924 0.147
4555082379.jpg
1
614.403769054 233.5269517 815.554484084 497.152753182 1.000
4560029166.jpg
1
242.10806451 93.7197162807 388.048999354 290.893388987 1.000
4584451140.jpg
2
556.675341696 131.496846706 740.397305146 345.852757156 1.000
1310.33054589 547.160643719 1510.54214432 775.056081861 1.000
4683040401.jpg
3
879.628713608 530.686859071 1110.27543604 826.186479926 1.000
357.60987553 658.910951793 541.377266467 903.574188024 1.000
714.48588264 1181.10109915 1193.03927982 1853.30537701 0.845
4739664721.jpg
2
382.276529551 133.786877453 616.438218914 454.900376737 1.000
140.581915349 568.509193204 165.686913565 600.033534877 0.118
4758145781.jpg
4
1292.54723652 284.308665473 1519.82666507 636.495607644 1.000
512.334352612 222.982858419 774.257834435 559.608744144 1.000
2274.7873341 0.448306772858 2496.39402274 353.536495447 1.000
750.320084706 625.324234962 791.217973523 675.806299031 0.295
47618649.jpg
5
601.223730519 61.0931353793 743.859469399 239.569603249 1.000
214.601806134 208.142173979 367.709902138 406.420327097 1.000
127.316704392 247.009162132 201.125861689 367.696908548 0.615
155.040232509 85.5392885692 188.205220547 127.651252434 0.554
273.629180796 430.060635373 298.211778894 458.693280369 0.141
4774338842.jpg
4
1413.05161133 427.660063744 1618.87221852 680.926541507 1.000
591.599382624 441.063184079 810.668111622 736.316444695 1.000
1479.5298249 1292.31393777 1524.9528818 1349.53138354 0.124
1592.31226521 1491.45911925 1614.5869185 1519.37048516 0.101
4801259916.jpg
1
334.430532724 163.416080296 577.001570106 448.789573908 1.000
4821642.jpg
1
285.225229368 73.6609615386 549.33160992 433.282521591 1.000
4856974482.jpg
24
1051.58949595 1923.6531491 1282.03987706 2222.00249937 1.000
1043.98837742 506.716572933 1309.50859284 857.759988517 1.000
1.04421463609 94.5710822046 131.490655214 274.405157238 1.000
1345.56927444 429.589227945 1475.58451889 596.792252839 1.000
1124.08698627 48.3764564544 1233.16559561 200.616741657 1.000
2848.97278291 1652.10178195 3157.55223836 2047.82078677 1.000
2148.18748814 227.696717858 2275.98893936 381.960969865 1.000
776.413713545 448.642448783 944.002172962 667.773462385 1.000
322.519035667 118.051650941 449.913151085 268.902796268 1.000
3599.20080319 114.913576238 3726.45598547 272.557594933 1.000
2430.67966944 966.223654151 2644.49866956 1245.92865726 1.000
1584.03921753 1597.71504223 1802.06812532 1868.92453994 0.999
533.636011034 647.671647668 696.543857768 879.911477804 0.998
3470.45604683 281.9066571 3544.93962422 398.556700155 0.975
70.3060441911 347.452193633 187.809777588 503.218056813 0.951
527.752752066 2350.22203958 631.395255089 2476.15541291 0.668
551.99966681 1070.70688269 641.795885559 1171.55371621 0.560
3530.32100236 1936.65686125 3631.89679331 2065.1926893 0.539
1498.64860056 1669.31395137 1599.84596677 1795.84441888 0.435
3503.41489063 2061.45272623 3526.60702091 2089.9592552 0.376
1273.43745542 613.93985144 1334.42505856 691.508131921 0.355
2017.03460293 2517.76699446 2062.41311706 2576.92643109 0.347
981.200011697 2012.00096244 1016.50246595 2056.93270516 0.314
1141.89848825 1868.31537354 1296.59255219 2068.12424237 0.132
4880083461.jpg
1
508.651178226 305.883329891 742.639461696 616.727339551 1.000
4970182488.jpg
1
583.520515785 205.602899939 790.851404831 468.054614663 1.000
5002723411.jpg
6
1577.41132551 547.635003552 1780.19820904 818.078279585 1.000
965.619705688 406.372277968 1167.89965224 670.095001437 1.000
589.78728044 270.993375793 809.903994981 565.617112756 1.000
1408.24227919 640.244339854 1454.27235195 702.38234356 1.000
660.227757964 1217.28455324 707.659663118 1274.77973546 0.307
1331.51178437 661.793520898 1364.74841454 703.968271092 0.158
5007442.jpg
3
48.7559518218 119.524830841 339.41959893 478.937759072 1.000
681.974570692 -20.3641211689 1020.93961794 500.371585533 1.000
636.432296425 188.545757234 935.160256058 608.575398684 1.000
5020454673.jpg
1
119.827136457 205.675936606 419.488516198 618.114020079 1.000
5065140719.jpg
6
207.485887628 898.711690068 411.964342296 1161.82751617 1.000
466.379113659 1116.11323796 640.358172111 1322.29350193 1.000
1427.97144552 385.563422471 1577.65844759 577.459432825 1.000
1566.93928381 926.974733271 1783.21788737 1208.10665179 1.000
1058.52878842 993.886205614 1182.26082262 1200.62631316 0.788
1292.26972425 1210.21088618 1551.76625845 1538.39804453 0.185
5083671561.jpg
7
417.669568837 768.332634047 593.392710166 1010.413351 1.000
353.850509331 1636.60599776 513.461043939 1813.59853954 1.000
1820.40180793 1095.96859903 2015.84392845 1352.01573305 1.000
1615.1913681 1625.16079712 1822.05919647 1905.80973816 1.000
1825.64888263 1370.98169058 2088.58216196 1735.06838064 1.000
1020.18958605 401.738957882 1278.39429503 747.208706647 1.000
1750.36338115 1544.74494588 1818.93280971 1632.69292629 0.114
5144909700.jpg
4
765.683348522 409.004516482 981.767079115 688.181277975 1.000
131.878450871 402.169583946 321.121290922 669.070514143 1.000
442.663188085 303.349260032 634.957934186 623.840574235 1.000
18.3086054921 300.610948361 115.284013212 432.96025303 0.243
5146483815.jpg
1
254.983370364 139.497744704 410.072498798 363.494067743 1.000
5151536225.jpg
8
1006.05493978 304.763765931 1392.23066492 761.244653583 1.000
179.259275749 422.095376957 395.085399091 682.480288513 1.000
1796.63305473 537.950845063 1986.63564643 766.967355251 0.999
1751.6563346 586.551770661 1801.91302793 648.251625001 0.332
2048.90947331 1010.4278345 2102.99852328 1078.07104786 0.309
232.24681145 617.346211851 315.363693535 711.673736751 0.270
2315.55276081 445.5382296 2494.1633569 674.497749761 0.256
1001.05546898 84.6984085888 1030.89414971 124.066468388 0.103
5188566452.jpg
2
511.060740709 230.655925959 762.778602839 582.387370035 1.000
42.2738934606 505.371555232 88.8434507474 565.281238757 0.564
5201079592.jpg
1
98.2862261087 161.791645437 317.293968529 431.146657214 1.000
5204730083.jpg
11
1739.79192884 1099.13210598 1893.8357051 1287.45889115 1.000
2495.03166708 714.237565957 2769.3840098 1082.70333941 1.000
1148.63844633 1156.53444725 1274.64006465 1320.82326828 1.000
1439.97670048 1493.98313391 1622.44982992 1750.02828844 1.000
320.561948143 992.668497045 480.693066567 1177.76097968 1.000
2006.11708192 934.185051007 2166.88189773 1143.6874726 1.000
765.186997533 970.47818289 903.316407442 1143.76184288 1.000
1837.59371559 1434.13850984 1864.11473011 1469.48610303 0.303
1796.38428831 883.831854731 1868.25647128 976.200710952 0.274
1002.41464345 2304.34418157 1036.61717919 2345.2768205 0.119
1469.31101397 2555.77772227 1487.87853377 2577.76186725 0.110
5227275045.jpg
4
326.008770049 109.368841507 382.426359899 187.075390056 1.000
499.62969394 89.3953565359 605.195347011 223.582994223 1.000
474.252409875 176.208813414 512.468050353 229.280612756 1.000
205.500019811 169.275038421 263.663482964 239.638037115 0.313
52381600.jpg
1
233.237867117 192.226856038 524.728502944 626.516606465 0.134
5301057994.jpg
3
728.012279838 958.399414271 905.679281335 1183.46450794 1.000
1517.77862437 545.273462549 1542.20400961 574.64191246 0.567
1233.69667564 574.094118237 1264.04505488 614.232663617 0.379
539722510.jpg
1
373.569416732 163.451504134 576.984252758 443.133444667 1.000
5452623.jpg
2
603.514442682 255.301254421 787.645553827 498.681955829 1.000
558.642019749 370.75940454 585.539714694 407.201358795 0.146
56054945.jpg
2
706.128643095 435.773653835 857.971557219 635.155823171 1.000
109.199278742 1048.3983935 140.836294845 1089.99923852 0.125
59354095.jpg
3
542.076638803 211.037471086 749.361857519 485.515956417 1.000
297.053239793 208.881982099 480.719032222 452.346769474 1.000
836.202917412 233.078258157 1071.42556542 536.342988148 1.000
642820626.jpg
2
528.063188359 282.409224175 754.321562886 579.034153461 1.000
1165.20394444 188.902141452 1189.94776392 217.001356125 0.134
658607626.jpg
1
355.349181876 194.874095291 633.921243548 548.147516996 1.000
79378097.jpg
7
1060.70467222 369.960675001 1178.58239837 530.655682087 1.000
723.988402277 32.5663115457 838.416022658 174.889411554 1.000
992.157661673 180.474255227 1129.29812526 356.637692526 1.000
314.501533508 739.854847312 591.145514578 1074.57098413 1.000
1266.42622754 406.430516265 1403.01825041 580.014075138 1.000
746.437192902 777.541974634 986.801415116 1100.36141458 0.914
1138.15233149 738.086119885 1165.78395078 770.641647667 0.167
815038.jpg
3
649.239610195 607.646367714 831.261924148 810.541231245 1.000
66.9678598642 377.248501942 238.220145158 598.839071348 1.000
421.563304901 1091.8917613 529.195449829 1216.66480827 0.174
82161078.jpg
1
247.619311363 105.397783279 554.133375973 516.087937564 1.000
823016568.jpg
3
911.945727531 220.641155362 1117.92772729 475.022942692 1.000
428.766605616 364.424005508 682.906541154 709.936232567 1.000
1070.44338413 573.722675025 1252.89439511 837.010874584 0.994
878985234.jpg
1
283.430795074 111.386373103 500.860023901 432.483756185 1.000
88094323.jpg
2
382.136496633 54.098681435 588.29856348 344.77875942 0.992
325.76656723 73.6946938038 503.270441741 313.27213335 0.189
899545263.jpg
1
289.713157177 128.943865687 427.825015187 312.634216763 0.834
90800092.jpg
9
845.240522817 324.020610552 940.693525925 470.05007568 1.000
1291.21600891 435.233403102 1374.61212425 538.360762656 1.000
591.008491911 383.001883179 688.706194013 504.986064091 1.000
295.613271073 419.904784758 407.13618049 566.127633385 1.000
1159.20998067 340.357120298 1270.32194306 487.227054745 1.000
1095.54201715 380.225464821 1121.90567848 413.887581155 1.000
1000.27657413 411.777093709 1022.93239835 440.402223706 1.000
497.738507837 603.452898204 652.814027615 804.328978524 1.000
839.850783825 694.420555934 992.245007277 901.817838073 0.215
91328372.jpg
3
67.1282074898 121.182630755 273.304116547 380.241831586 1.000
405.984539971 58.4649751857 425.466932878 87.145190537 0.774
584.203739166 54.5312281996 594.975618064 76.5502723157 0.132
9545523490.jpg
2
364.943437144 76.3294390943 522.091191322 304.809195332 1.000
140.565554783 74.8076156862 310.83430852 321.041043043 1.000
955659370.jpg
3
734.171796888 403.007718794 1020.76655154 820.623372935 1.000
84.6388321519 570.178681813 330.550770998 888.33651498 1.000
1195.15813565 1296.41697705 1223.82414627 1331.72763419 0.115
1051618982.jpg
3
500.680059373 169.596290946 707.09842515 431.509679705 1.000
1123.1761815 287.14350906 1261.88457519 515.162160993 1.000
249.981781527 922.533004902 371.612714685 1084.47473188 0.174
1130084326.jpg
4
466.595857501 430.566962354 711.247498978 725.875314593 1.000
1594.68308435 470.924341913 1825.37362799 758.250683054 1.000
951.463013723 167.233729593 1132.6757522 415.167249948 1.000
2005.49006528 1117.28921254 2029.26168698 1145.50314042 0.133
120563545.jpg
1
217.781779621 162.154040053 456.860251456 483.87460646 1.000
134212.jpg
5
725.904275544 144.371065497 926.701895058 378.683220819 1.000
164.362274423 146.752843514 356.300843373 392.91921898 1.000
679.715390712 120.468653515 852.570403658 358.7951473 0.859
134.150316715 197.069602698 153.804050446 226.483972542 0.339
399.301434658 330.543838978 424.762285486 361.028928131 0.170
1602308.jpg
1
554.13975054 209.245480776 767.730194315 450.223410815 1.000
16413031.jpg
1
211.793240607 88.7393862233 384.054722071 317.025682852 1.000
2037185414.jpg
1
307.122662306 152.81327486 552.011909902 482.416137338 0.996
2060241469.jpg
1
240.340518042 437.275942422 479.477767304 748.098735243 1.000
2080551997.jpg
2
566.290573731 92.3333365582 644.34870255 194.268265411 1.000
304.86905653 151.395368367 354.781630352 224.381186381 0.891
2086996835.jpg
10
676.816911094 563.912858248 792.169430688 727.995476007 1.000
1040.11397254 532.633153182 1188.13777028 728.468412176 1.000
870.729564786 594.510771453 1011.66397354 783.847033262 1.000
1388.70641552 513.17044552 1530.62420094 692.289501034 1.000
342.575484473 642.993602738 488.220022298 835.640730709 1.000
501.541501045 660.679064453 632.307757497 833.526229501 1.000
1300.64455885 401.607257333 1327.52308089 434.624040022 0.653
816.301488217 183.892683808 843.359870434 215.272369415 0.518
1544.66204652 397.410344601 1579.8729728 441.937547624 0.187
394.995595172 170.245182693 421.869381189 202.814849555 0.174
2099639490.jpg
4
798.818962708 133.235729247 965.736174304 362.707641721 1.000
450.768757686 380.620054036 676.155455068 633.083188947 1.000
911.13496244 98.4914493412 968.324726164 174.848289169 0.190
1334.78298964 728.353676056 1360.06044011 760.303315967 0.111
2122067003.jpg
1
541.766073689 162.554590099 751.141109504 409.749514163 1.000
2201628776.jpg
1
585.209031355 346.401601523 787.633078679 606.125274047 1.000
2239259.jpg
1
321.335321605 134.213016316 669.068853378 607.321621016 1.000
2296215131.jpg
4
1798.08194293 497.348076731 1885.15487972 603.047333948 1.000
1105.48336059 553.015349038 1180.11727306 653.861274436 1.000
624.55324173 476.925091248 706.205179214 603.059310719 1.000
426.969174623 347.969149217 585.009886563 576.12063244 1.000
2316734819.jpg
1
335.234442726 184.325107485 590.214971393 519.715218112 1.000
2329110240.jpg
4
1072.25129681 378.527225822 1193.08803023 533.212838292 1.000
1594.50570023 311.075618446 1727.94587195 488.155488923 1.000
541.253152937 332.660844088 676.17017258 511.820196524 1.000
1222.65810345 24.127139926 1339.05689065 167.735311508 0.572
2339510439.jpg
6
981.301303908 637.932325043 1204.84589052 923.566253722 1.000
1953.07409054 545.068546329 2174.5491423 816.276691273 1.000
528.484332621 281.820919022 695.068424284 529.082913443 1.000
1445.54596161 114.384076651 1554.42799127 246.041863404 0.962
952.52387622 62.1661484726 1062.95899504 206.562717885 0.939
1546.43566591 33.2797898166 1643.05661365 154.283120573 0.922
2392075438.jpg
12
1677.30750197 470.549969733 1914.98809212 764.492080957 1.000
176.507507622 313.529964231 383.520716071 639.65622814 1.000
1620.13133895 392.633354716 1686.05828248 477.194177985 1.000
1949.45068598 402.594155349 2019.31472325 489.776251644 1.000
1993.59495277 356.770697691 2325.36261703 839.653697431 1.000
944.398335248 513.900933914 1153.87184322 772.260686509 1.000
542.075468302 729.619903408 595.493485123 804.587050945 0.859
575.290127411 620.22587353 640.342773706 711.384796411 0.801
1586.3227973 412.34512955 1615.20248687 446.360165 0.595
312.920695156 481.058349431 450.788647085 655.995068088 0.437
352.483479209 410.455735095 399.975473657 474.943670124 0.221
99.9122476131 403.51745224 221.761899963 553.171592951 0.121
2406586388.jpg
3
184.264861673 650.808889594 318.277063638 818.611496091 1.000
1670.23347008 80.59154962 1942.51711703 436.180222481 1.000
658.245477617 588.192282565 811.789363205 780.677019581 1.000
24795717.jpg
3
170.737923585 116.108566999 296.806584179 288.593142599 1.000
607.625597268 112.8452048 729.258780085 287.767556787 1.000
423.689608041 152.010180682 528.353021741 309.060320258 1.000
2519293956.jpg
2
864.154232338 254.491695672 1093.56752216 556.513010763 1.000
619.878246292 194.116198391 847.458818614 478.70340842 1.000
253915276.jpg
3
949.739707679 318.828706924 1133.74097338 578.924054459 1.000
1333.27473418 223.905106202 1370.05427986 266.333048984 0.336
1226.74385348 258.455015123 1263.61366284 304.061107695 0.137
255360810.jpg
1
535.854834393 180.083616331 765.173737139 482.975640535 1.000
2751381965.jpg
2
995.702811211 293.445197642 1195.54377681 543.810974285 1.000
1374.73403391 185.577320203 1592.94349699 474.440924343 1.000
2803423910.jpg
2
348.293493804 154.780981958 583.554477841 493.210113287 1.000
625.528932862 233.085822318 846.940385014 515.784234554 1.000
2805422179.jpg
10
791.593648955 79.5763666928 854.145118266 159.290177017 1.000
129.052024603 168.713169903 224.625661969 286.656333387 1.000
408.867980354 174.909262717 547.352384344 343.022338688 1.000
621.638259947 12.4447023273 679.518278629 87.9887034595 1.000
527.130912028 130.47768259 690.076387092 334.734648943 1.000
455.510497808 -1.46539333463 487.72556971 37.4233843386 0.999
-2.11537215114 1.4826272428 27.9132595658 46.6899650693 0.952
217.033321053 60.3744791597 272.381478459 129.026044577 0.900
207.015120681 70.0792775191 231.988944411 99.8561571725 0.332
136.856751874 79.4829099923 165.894780345 116.441344038 0.104
3020248483.jpg
5
740.955753565 482.471360821 1085.5926372 946.318553776 1.000
1377.33328803 751.964953382 1562.11940765 1025.7264187 1.000
1322.50617886 128.150777094 1357.07218918 172.885499179 0.487
1323.55028901 163.505704544 1347.96652522 193.031645991 0.340
1254.94519649 168.914730649 1303.92697274 229.571464695 0.175
3116931144.jpg
4
374.28826797 339.215439826 537.291136563 562.665118575 1.000
1653.33701386 402.057884827 1810.86104842 613.165654302 1.000
752.473807782 561.242489815 849.274163127 690.817130566 0.487
320.148641199 411.010540858 386.806817926 488.896077424 0.115
3346359383.jpg
5
1987.72352383 376.908705972 2170.55424752 612.567957982 1.000
1148.18287593 375.708790161 1335.52503002 619.307684988 1.000
343.192391098 269.585193008 573.542698503 605.539757907 1.000
1497.18529768 1520.900569 1520.51533084 1549.89891645 0.308
1241.30344099 1596.57459867 1309.19303769 1676.83849692 0.100
3363054468.jpg
2
304.381746877 307.569079578 410.718871742 449.11432109 1.000
86.79916583 1166.70799834 118.660554007 1203.34002906 0.178
3504938758.jpg
4
1723.66010647 289.207803205 1886.46950258 508.811949402 1.000
991.310272962 406.858442828 1165.00963049 641.175098062 1.000
256.768706381 675.890406415 396.103437722 908.655327357 1.000
489.513152704 288.795557402 532.254987776 338.58661209 0.136
3532475790.jpg
2
740.306990989 381.84192057 932.986580163 645.337639451 1.000
1123.16681111 331.717507701 1309.55419222 617.715913355 1.000
3722549017.jpg
3
1484.88850595 481.199581832 1651.66805573 712.948553771 1.000
2233.14281839 349.585919023 2282.2431345 408.564964801 0.130
1845.03487983 1481.44777662 1886.41901961 1533.2719193 0.101
378492784.jpg
2
553.04995741 263.103699178 778.903952058 567.826224744 1.000
255.275580287 -4.54315371811 564.320890665 371.598665208 1.000
397921011.jpg
2
371.440346196 389.425176904 668.471267939 784.107186764 1.000
612.480477545 198.162479207 1030.87669042 785.608904947 1.000
4009440741.jpg
2
931.671304949 239.013012215 1144.97615278 488.813644469 1.000
454.624028653 159.965766251 661.28116475 435.407657504 1.000
410225851.jpg
2
252.489810869 310.984196022 377.518226691 476.282220289 1.000
978.938889306 422.29598546 1117.93875346 633.476407737 1.000
411555970.jpg
2
885.364716917 153.191836201 991.836286336 309.96092838 1.000
290.369054854 174.160282165 448.048363924 383.747376122 0.999
4145388945.jpg
6
1765.09939653 469.937469572 1995.03091821 785.847914785 1.000
1002.2677021 507.84792614 1257.72332764 861.384579659 1.000
631.435912281 416.614438638 836.710283756 693.657281488 1.000
1429.52576923 732.730466366 1544.74875641 889.280440092 1.000
716.776250415 438.543621533 915.819956034 687.29580611 0.343
1086.48424112 923.770334139 1112.67070197 956.709815688 0.133
4239974048.jpg
15
1188.57376958 307.918213956 1394.31722593 565.006550878 1.000
745.337231696 383.718008913 958.967000946 676.12718007 1.000
1601.44033635 259.654560864 1784.261098 519.887453049 1.000
199.82130222 495.746827453 506.803900868 909.404953942 1.000
1191.46370479 -4.20442126691 1283.42231679 77.0369426757 0.843
2139.39886825 -0.164853870869 2162.81932875 25.7731745839 0.519
691.643905774 99.7699497864 728.750047861 146.521564275 0.455
2211.22502869 1072.86246809 2272.94276741 1142.42498321 0.428
2050.63949251 172.776972078 2102.07136887 238.637616336 0.392
2364.49548355 1268.14544433 2419.21612978 1336.82645419 0.173
2010.815979 1063.81231473 2034.12062904 1092.45989524 0.169
2023.88161706 1348.30698055 2050.99744633 1384.35714939 0.143
743.611604296 182.321277026 767.780632749 213.519499648 0.123
2398.09898674 217.456416368 2422.98266561 247.895103663 0.110
1592.79253805 1041.92272525 1620.98426288 1080.91452999 0.100
4400753623.jpg
7
2621.01925489 450.290210795 2992.86997104 947.487590969 1.000
2230.10102516 315.560900606 2421.66641772 576.295173258 1.000
557.023995817 276.997930586 840.228075683 678.186779715 1.000
1064.74707262 298.693490621 1258.49951747 547.711789384 1.000
159.575146168 485.736919269 498.304194391 1027.41727251 1.000
2365.31960697 831.503387183 2510.31310768 1017.79156732 0.989
34.7293124199 924.573250651 63.3980720043 957.881603349 0.162
442743156.jpg
6
1172.63224484 320.317025319 1374.59025365 605.522342771 1.000
273.796711609 208.877090961 421.701827262 419.6635364 1.000
863.486150332 333.874154389 1037.71358705 580.404623985 1.000
402.826173276 302.978938572 540.540995911 499.168101013 1.000
183.902573928 226.347171903 289.943373278 376.310553901 1.000
1520.42644429 46.1298641264 1542.18088624 75.249368608 0.667
4538917191.jpg
37
2659.54741846 609.614191562 2824.3476021 807.763008326 1.000
1301.42012213 1745.22457125 1480.53120185 1962.50723697 1.000
2965.87498674 1291.49389736 3130.70342276 1505.75036768 1.000
1554.97126618 318.411390252 1693.24474813 494.626855485 1.000
32.4103428274 366.893683791 156.729100443 550.119776115 1.000
1206.8391344 679.652145028 1312.55786823 845.434831619 1.000
612.216805413 1097.97282657 779.292281076 1318.97719919 1.000
1927.49287926 302.698925257 2073.48634554 507.06399411 1.000
1652.75480485 842.904474698 1838.55255408 1094.44440621 1.000
1037.48195112 311.005848747 1153.28848951 461.460714273 1.000
1265.03449635 1406.55998425 1411.11082983 1607.87954247 1.000
3377.5584113 1336.36046225 3526.6169703 1539.95777458 1.000
3627.80896252 119.35417515 3769.62472092 298.272012055 1.000
2763.21846686 1013.42724571 2954.9898762 1266.49064697 1.000
618.439886045 1885.16732803 810.482152909 2132.92617509 1.000
766.220200792 1329.74374841 949.669302821 1558.55245098 1.000
2679.48033949 1911.93156588 2865.61379624 2150.6409049 1.000
377.354462147 596.648686886 519.929103851 783.067167759 1.000
3007.20425639 259.268313169 3135.99296072 429.323616982 1.000
952.949893594 661.907377481 1095.32043158 857.157810897 1.000
3633.25212538 290.394707263 3804.44296592 494.224124476 1.000
534.933104381 273.402757019 697.514518455 468.450316995 1.000
3452.35980666 601.536738724 3632.27537197 841.396979854 1.000
2606.80190754 288.144966163 2707.01317734 409.270899147 0.999
3172.21390811 1976.1012255 3337.48730344 2195.6736066 0.997
3523.83557957 861.90051542 3674.17613503 1078.2170468 0.994
3125.43142915 701.318841696 3281.97134948 909.56764698 0.994
1466.83937937 339.477086044 1500.96340317 377.362037949 0.977
42.0370128788 1693.42211872 261.203020424 1975.27797976 0.966
1660.41690278 635.462536395 1751.98926112 776.452528417 0.934
1063.81436805 1007.14524527 1249.6364931 1252.69117834 0.914
1083.87004042 580.815270901 1109.58694458 614.634453535 0.649
3525.79933533 1911.20790644 3762.78126066 2230.04573637 0.372
3746.80927013 1409.62843451 3774.20511626 1444.19487101 0.260
2002.72247714 180.259990886 2042.29038079 228.846876226 0.195
2856.69538869 -3.32106956095 2890.58088592 34.6694577709 0.165
723.873994082 2175.02007404 753.829659082 2214.68775745 0.100
4573422380.jpg
9
531.97312595 228.538008481 719.147218928 479.520356163 1.000
1323.18446472 388.660168111 1482.90123162 585.286942869 1.000
1379.17113334 380.323211432 1524.23654366 578.807961464 0.894
2034.37202692 1098.19621009 2061.35103953 1130.77770233 0.609
1955.30905011 901.66995886 1980.26145103 931.525173157 0.585
1751.27733779 1454.7428353 1771.20877704 1480.06922644 0.560
1729.53887381 1392.42661906 1766.58206347 1437.83316784 0.217
2179.50514968 1015.79342682 2206.41830789 1045.3130372 0.159
247.885042615 955.288419977 276.053913139 994.063115034 0.106
4906266640.jpg
2
1847.91129164 603.784981608 2044.83346353 871.060271189 1.000
940.548998341 699.964063339 1128.63331727 955.000714496 1.000
507521047.jpg
4
725.487069469 201.716964453 936.611136019 477.760810398 1.000
306.549944997 235.140573323 560.029893279 620.506721526 0.999
566.783008665 468.058659144 586.393078148 490.158240668 0.127
101.18130146 316.300600871 165.485632129 397.948372662 0.124
5082623456.jpg
3
1008.80683985 190.401647434 1135.85323735 363.693602555 1.000
43.8140851036 70.2675936371 143.780492663 204.20298925 1.000
499.311381057 84.4707093611 589.112272888 206.911077768 1.000
5106695994.jpg
7
1281.66744389 472.949820533 1471.93812839 704.358211882 1.000
630.610368237 590.920382297 807.708119184 835.148759618 1.000
1548.54184335 488.375808537 1727.29349427 707.078715563 1.000
232.694334079 461.644727826 431.635380894 725.751881436 1.000
2302.40041846 496.886614695 2497.19172138 735.865396008 1.000
1955.3752791 593.93122682 2149.4946788 826.228744432 1.000
2263.20875777 735.633205973 2313.5978729 799.031239741 0.103
5169701116.jpg
2
404.68838644 267.509385467 642.360893607 573.403871655 1.000
1398.97086417 257.028498173 1640.27639282 615.084159769 1.000
70037463.jpg
2
464.084257886 211.350346878 681.317615315 501.091871917 1.000
1020.55262232 423.490895882 1273.22336456 753.366243176 1.000
719902933.jpg
3
1038.32236621 451.198575821 1191.15133469 648.105279304 1.000
713.657599792 342.148627333 965.170941908 653.573905118 1.000
341.790215731 192.728669379 691.276489958 661.865658835 1.000
